794299406,
 720856118,
 774399058,
 720845918,
 576140393,
 591411338,
 767061167,
 707828926,
 770268354,
 701072592,
 770307286,
 567754968,
 758816993,
 758523114,
 783624438,
 758704376,
 793560315,
 768848167,
 767433014,
 674636128,
 758305130,
 732170615,
 571511167,
 793615764,
 680581533,
 592585119,
 689323433,
 674615724,
 642864559,
 677094878,
 721571303,
 758312441,
 732159495,
 732204556,
 737134157,
 770544209,
 786437731,
 767422070,
 686078633,
 674613931,
 695510699,
 596894384,
 786520776,
 541549258,
 707833551,
 717087449,
 770466523,
 738027231,
 805782243,
 732063466,
 596894444,
 793375469,
 811883255,
 660494076,
 774416149,
 770255641,
 696109866,
 650074936,
 596917084,
 700826482,
 596891511,
 770645883,
 695494556,
 695574435